asttokens=3.0.1=pypi_0
beautifulsoup4=4.14.3=pypi_0
bzip2=1.0.8=h2bbff1b_6
ca-certificates=2026.5.14=haa95532_0
certifi=2026.4.22=pypi_0
charset-normalizer=3.4.7=pypi_0
cloudpickle=3.1.2=pypi_0
colorama=0.4.6=pypi_0
contourpy=1.3.3=pypi_0
cycler=0.12.1=pypi_0
decorator=5.2.1=pypi_0
executing=2.2.1=pypi_0
expat=2.8.0=hd7fb8db_0
filelock=3.29.0=pypi_0
fonttools=4.62.1=pypi_0
fsspec=2026.4.0=pypi_0
google=3.0.0=pypi_0
gym=0.25.1=pypi_0
gym-notices=0.1.0=pypi_0
gym-super-mario-bros=7.4.0=pypi_0
idna=3.14=pypi_0
ipython=9.13.0=pypi_0
ipython-pygments-lexers=1.1.1=pypi_0
jedi=0.20.0=pypi_0
jinja2=3.1.6=pypi_0
kiwisolver=1.5.0=pypi_0
libexpat=2.8.0=hd7fb8db_0
libffi=3.4.8=h2b21627_2
libzlib=1.3.1=h1c6eee0_1
markupsafe=3.0.3=pypi_0
matplotlib=3.10.9=pypi_0
matplotlib-inline=0.2.2=pypi_0
mpmath=1.3.0=pypi_0
nes-py=8.2.1=pypi_0
nespy=0.0.6=pypi_0
networkx=3.6.1=pypi_0
numpy=1.26.4=pypi_0
openssl=3.5.6=hbb43b14_0
packaging=26.2=pypi_0
pandas=3.0.3=pypi_0
parso=0.8.7=pypi_0
pexpect=4.9.0=pypi_0
pillow=12.2.0=pypi_0
pip=26.0.1=pyhc872135_1
prompt-toolkit=3.0.52=pypi_0
protobuf=7.34.1=pypi_0
psutil=7.2.2=pypi_0
ptyprocess=0.7.0=pypi_0
pure-eval=0.2.3=pypi_0
pyglet=1.5.21=pypi_0
pygments=2.20.0=pypi_0
pyparsing=3.3.2=pypi_0
python=3.12.3=h1d929f7_1
python-dateutil=2.9.0.post0=pypi_0
pyzmq=27.1.0=pypi_0
requests=2.34.0=pypi_0
setuptools=81.0.0=pypi_0
six=1.17.0=pypi_0
soupsieve=2.8.3=pypi_0
sqlite=3.51.2=hee5a0db_0
stack-data=0.6.3=pypi_0
sympy=1.14.0=pypi_0
tk=8.6.15=hf199647_0
torch=2.12.0=pypi_0
tqdm=4.67.3=pypi_0
traitlets=5.15.0=pypi_0
typing-extensions=4.15.0=pypi_0
tzdata=2026.2=pypi_0
ucrt=10.0.22621.0=haa95532_0
urllib3=2.7.0=pypi_0
vc=14.3=h2df5915_12
vc14_runtime=14.44.35208=h4927774_12
vs2015_runtime=14.44.35208=ha6b5a95_12
wcwidth=0.7.0=pypi_0
wheel=0.46.3=py312haa95532_0
xz=5.8.2=h53af0af_0
zlib=1.3.1=h1c6eee0_1